[0.12, 0.34, 0.89, 0.45, 0.67]
[0.98, 0.23, 0.56, 0.11, 0.74]
[0.45, 0.78, 0.33, 0.91, 0.29]
[0.66, 0.12, 0.54, 0.78, 0.88]
[0.21, 0.31, 0.67, 0.81, 0.49]
[0.47, 0.89, 0.22, 0.34, 0.99]
[0.34, 0.47, 0.58, 0.79, 0.91]
[0.76, 0.32, 0.41, 0.65, 0.12]
[0.30, 0.98, 0.77, 0.55, 0.63]
[0.88, 0.11, 0.44, 0.73, 0.25]
[0.63, 0.49, 0.22, 0.95, 0.88]
[0.77, 0.21, 0.64, 0.12, 0.39]
[0.92, 0.34, 0.56, 0.71, 0.03]
[0.44, 0.67, 0.99, 0.62, 0.48]
[0.35, 0.87, 0.46, 0.21, 0.76]
[0.50, 0.55, 0.66, 0.37, 0.41]
[0.33, 0.12, 0.76, 0.88, 0.90]
[0.67, 0.29, 0.43, 0.58, 0.75]
[0.21, 0.99, 0.12, 0.41, 0.67]
[0.79, 0.34, 0.55, 0.44, 0.63]
[0.48, 0.11, 0.88, 0.39, 0.65]
[0.31, 0.64, 0.77, 0.98, 0.25]
[0.53, 0.76, 0.21, 0.44, 0.69]
[0.68, 0.48, 0.37, 0.62, 0.12]
[0.62, 0.33, 0.59, 0.80, 0.53]
[0.12, 0.89, 0.77, 0.51, 0.43]
[0.49, 0.30, 0.64, 0.11, 0.68]
[0.81, 0.22, 0.56, 0.90, 0.32]
[0.34, 0.64, 0.12, 0.88, 0.43]
[0.77, 0.51, 0.23, 0.32, 0.99]
[0.11, 0.37, 0.88, 0.55, 0.71]
[0.65, 0.84, 0.39, 0.13, 0.45]
[0.25, 0.12, 0.54, 0.87, 0.43]
[0.41, 0.91, 0.65, 0.37, 0.76]
[0.88, 0.22, 0.98, 0.49, 0.32]
[0.33, 0.58, 0.77, 0.62, 0.11]
[0.47, 0.67, 0.11, 0.44, 0.84]
[0.79, 0.99, 0.28, 0.31, 0.55]
[0.12, 0.34, 0.91, 0.65, 0.48]
[0.41, 0.73, 0.38, 0.29, 0.62]
[0.54, 0.89, 0.99, 0.37, 0.77]
[0.98, 0.41, 0.63, 0.55, 0.32]
[0.33, 0.77, 0.29, 0.88, 0.64]
[0.22, 0.12, 0.35, 0.79, 0.43]
[0.44, 0.91, 0.76, 0.50, 0.82]
[0.65, 0.37, 0.54, 0.89, 0.25]
[0.12, 0.58, 0.77, 0.36, 0.45]
[0.88, 0.39, 0.65, 0.73, 0.99]
[0.41, 0.32, 0.87, 0.49, 0.64]
[0.55, 0.98, 0.11, 0.62, 0.77]